A:   1,10000000000000	0,900000000000000	0,820000000000000	0,250000000000000	0,0240000000000000	0,00140000000000000
Adb: 0,827853703164502	-0,915149811213502	-1,72372295232567	-12,0411998265592	-32,3957751657679	-57,0774392864352
C:   1,00000000000000e-07
R:   13000
dt:  0,00120000000000000	0,00115000000000000	0,00105000000000000	0,000400000000000000	4,00000000000000e-05	2,20000000000000e-06
dtm: 1,20000000000000	1,15000000000000	1,05000000000000	0,400000000000000	0,0400000000000000	0,00220000000000000
f:   50	109,890109890110	131,578947368421	531,914893617021	5681,81818181818	106382,978723404
fg:  122,426879301458
phi: -21,6000000000000	-45,4945054945055	-49,7368421052632	-76,5957446808511	-81,8181818181818	-84,2553191489362
T:   0,0200000000000000	0,00910000000000000	0,00760000000000000	0,00188000000000000	0,000176000000000000	9,40000000000000e-06
T2:  0,0100000000000000	0,00455000000000000	0,00380000000000000	0,000940000000000000	8,80000000000000e-05	4,70000000000000e-06
Tm:  20	9,10000000000000	7,60000000000000	1,88000000000000	0,176000000000000	0,00940000000000000
