A:   1	1,25000000000000	3	1,02500000000000	0,160000000000000
Adb: 0	1,93820026016113	9,54242509439325	0,214477307835461	-15,9176003468815
C:   1,09682093928538e-08
L:   17,0860816494035
R:   12630
dt:  0,000350000000000000	0,000200000000000000	0,000680000000000000	0,000840000000000000	0,000470000000000000
dtm: 0,350000000000000	0,200000000000000	0,680000000000000	0,840000000000000	0,470000000000000
f:   21,7391304347826	172,413793103448	367,647058823529	500	1000
phi: -2,73913043478261	-12,4137931034483	-90	-151,200000000000	-169,200000000000
T:   0,0460000000000000	0,00580000000000000	0,00272000000000000	0,00200000000000000	0,00100000000000000
T2:  0,0230000000000000	0,00290000000000000	0,00136000000000000	0,00100000000000000	0,000500000000000000
Tm:  46	5,80000000000000	2,72000000000000	2	1